First attempt at winrate
[
[0.4164842, 0.254486, 0.1738812, 0.125961, 0.094858, 0.0733218, 0.0575958, 0.045918, 0.0369538,0.030019]
,[0.5786746, 0.3893992, 0.2533082, 0.176678, 0.1292172, 0.0978375, 0.0760187, 0.0601475, 0.0480652,0.0387916]
,[0.6596166, 0.5395148, 0.36882993333333336, 0.25002746666666664, 0.17790133333333333, 0.13180413333333332, 0.100437, 0.07829286666666667, 0.06222573333333333,0.049953066666666664]
,[0.7073318, 0.6249507, 0.5085752, 0.351923, 0.2466163, 0.17820715, 0.1333851, 0.10251845, 0.08029985,0.0638328]
,[0.7389186, 0.6779567, 0.5957308, 0.48225585, 0.33801056, 0.24244912, 0.17794992, 0.13453396, 0.10400152,0.08189112]
,[0.7605808, 0.7139154, 0.6525230666666667, 0.57029455, 0.45982796, 0.3258198, 0.2385839, 0.17748606666666666, 0.13536603333333333,0.1052159]
,[0.7755606, 0.7389988, 0.6917368, 0.62946825, 0.54780856, 0.4402253, 0.3152828285714286, 0.23472385714285715, 0.1767403142857143,0.13566957142857142]
,[0.787499, 0.7578299, 0.7199822666666666, 0.67136865, 0.60883256, 0.5276015666666667, 0.4232364571428571, 0.3058641, 0.230801525, 0.17570735]
,[0.7963626, 0.7719324, 0.7408960666666666, 0.70218415, 0.6528156, 0.5900233666666667, 0.5086427142857143, 0.40737465, 0.2973851111111111, 0.22715273333333333]
,[0.803618, 0.7831589, 0.7573471333333334, 0.7255539, 0.68588124, 0.6355283333333334, 0.5725844857142857, 0.491944975, 0.39331873333333334, 0.28950484]
]
#first attempt at territory take percentage
[[0.5836132, 0.421008, 0.3401754, 0.292568, 0.2614856, 0.2400498, 0.2245468, 0.2127308, 0.2036686, 0.196382], [0.7456656, 0.4482
344, 0.2925376, 0.2093668, 0.1603536, 0.1282698, 0.1064992, 0.0908506, 0.079292, 0.0703116], [0.8263462, 0.6195168, 0.3831364, 0
.2397892, 0.1607132, 0.1140184, 0.0852842, 0.0658876, 0.0523682, 0.042815], [0.8742938, 0.7223708, 0.544411, 0.3451674, 0.212716
2, 0.136409, 0.0922922, 0.0651752, 0.0480356, 0.0363256], [0.905231, 0.7901362, 0.6533004, 0.4944974, 0.320587, 0.1965518, 0.122
3974, 0.0798092, 0.0544784, 0.0383326], [0.9268442, 0.8368932, 0.7295194, 0.6036002, 0.4583646, 0.3030226, 0.1867456, 0.1142662,
 0.0725592, 0.0478148], [0.9421752, 0.8711092, 0.7850126, 0.683165, 0.565659, 0.4312136, 0.2906462, 0.180051, 0.1095728, 0.06768
82], [0.9540062, 0.8965712, 0.8265342, 0.743786, 0.6467392, 0.5354508, 0.4103254, 0.2807762, 0.1760732, 0.1062716], [0.9631264,
0.9163342, 0.8585078, 0.7902868, 0.7100646, 0.6172218, 0.5106478, 0.3929178, 0.2724144, 0.17322], [0.9699522, 0.9315634, 0.88408
88, 0.8267798, 0.759342, 0.6811404, 0.5917026, 0.490513, 0.3791454, 0.265922]]

#Second attempt a twin rate with better accuracy
[[0.4164948, 0.2546218, 0.173216, 0.126042, 0.0949322, 0.0730928, 0.0576944, 0.0459376, 0.037094, 0.029953], [0.5788282, 0.38966
83, 0.2535475, 0.1766719, 0.1294311, 0.0980065, 0.0760813, 0.0600131, 0.0479773, 0.0386959], [0.6597732, 0.5395875, 0.3689295333
3333334, 0.25023066666666666, 0.17781526666666667, 0.1317678, 0.1004582, 0.07828826666666666, 0.06216753333333333, 0.04992846666
6666664], [0.7075796, 0.6250713, 0.5084726, 0.35216545, 0.2463224, 0.17819065, 0.1332692, 0.1024218, 0.0803056, 0.0639168], [0.7
380916, 0.6779344, 0.595666, 0.48254445, 0.3380716, 0.24252072, 0.1780906, 0.134541, 0.1040576, 0.08200576], [0.7599906, 0.71401
93, 0.6525247333333334, 0.5704147, 0.46040376, 0.3258401, 0.23850453333333332, 0.1774716, 0.13521876666666666, 0.1051985], [0.77
56338, 0.7387463, 0.6914008666666667, 0.62958875, 0.54762308, 0.4406678333333333, 0.31528722857142855, 0.23472197142857143, 0.17
66920857142857, 0.135669], [0.7870474, 0.7577578, 0.7201712, 0.6713513, 0.60887692, 0.5274041, 0.42294802857142855, 0.305914575,
 0.231242775, 0.17585065], [0.7963858, 0.7719771, 0.7409854666666666, 0.70236725, 0.65318516, 0.5898952666666667, 0.508699571428
5715, 0.40730935, 0.2972527111111111, 0.2270998], [0.8034624, 0.7824841, 0.7574879333333333, 0.72541365, 0.6859364, 0.6358669666
666666, 0.5723402285714285, 0.491444, 0.3932850222222222, 0.28973876]]

100 20
0
0
0
1
0
1
1
1
1
0
1
0
0
0
1
1
1
0
1
0
0
0
1
1
1


